+17720520210
+17263930759
+17636595325
+19193378947
+15058451054
+19789189903
+17171604782
+16293925306
+18783374978
+18061478480
+19711513675
+14170494998
+16412974564
+13474616358
+15013340397
+18178793500
+17546659315
+19252409249
+19045453088
+14788710645
+12135968313
+14147899005
+14046731594
+12694854370
+17603782596
+17478928462
+19147461656
+12172524188
+13251992974
+19783599988
+17478108999
+19528938601
+18598222081
+15172201304
+12560546523
+12087593036
+14428354266
+19591183346
+16104352328
+18037245933
+18132999480
+17162482899
+12343275411
+14793973460
+13201653554
+12076624412
+12121427085
+19129495656
+15127229029
+19093876299
+19347731017
+18640943178
+12811307767
+17604004445
+14795268345
+12016681100
+14321063220
+18452718296
+12159259203
+17852170554
+19209970891
+14405033554
+19086628995
+16593040129
+15134092774
+18578999836
+12068603818
+17407420659
+17310410467
+17070452094
+16205335017
+18594819793
+12031988796
+12531354718
+13468698467
+16675906674
+16363296213
+16296576410
+17571851826
+19299492389
+17034803614
+17858391063
+18708494476
+19087437736
+17268118227
+19191673879
+15055032600
+18161554612
+16022970028
+13515309529
+18314789384
+17069858351
+16109990807
+16179319875
+16074564968
+13864730147
+14094005616
+16303668330
+19780814575
+15738985858
+17743517612
+17600476143
+13104370589
+16235137953
+15850214480
+17203103007
+15131643126
+15730241418
+13047990290
+13854510332
+16260048883
+14255179007
+12487252766
+19346076299
+12510439560
+12060405570
+17016414661
+13152884470
+15859084759
+13154014386
+12151253385
+19791384996
+14235561715
+18124294270
+16784724162
+14698221139
+14701682341
+19033794589
+12695035246
+19047999112
+15161756952
+19178211749
+13865889860
+19841181271
+16150260457
+12151537465
+12695473101
+14175234002
+18721477112
+19049027794
+18478163541
+13097783449
+14439367489
+12700087454
+17318388681
+18052934733
+12088543570
+17248035326
+12532901351
+16613723282
+15076824232
+15032163374
+19703159934
+12485855619
+13026989946
+19316773085
+19719896458
+16315762497
+14842449794
+14432841058
+12059012176
+16069205347
+16314770137
+12533090466
+13172588858
+17310963137
+18015515765
+12690639579
+19419436801
+14020830038
+13102716057
+14356180975
+14305595744
+12760678893
+18041457681
+19781323823
+16308287756
+17062819012
+13216751321
+14231432579
+12529102057
+18133218671
+12169682323
+16595314905
+19548478528
+14256044752
+16093213173
+17177146379
+12135913025
+12533247884
+17726578896
+19165820631
+17434632794
+14756970533
+13251863133
+13172604741
+14129368153
+12026733047
+19090721203
+16365509257
+12068774097
+18043974815
+13123546062
+18631869158
+18120007464
+12066304035
+15101305512
+13529094268
+18067854638
+16173953403
+19732820612
+14585072063
+17791814089
+13043029944
+16512828943
+13185157855
+15303055008
+15517211060
+15041651807
+12297117402
+14066886042
+12250022053
+13341162831
+17069275134
+19069143301
+19565420148
+16159702155
+16166976493
+17861294319
+12133889137
+19701133193
+18589646469
+12542612855
+19852190019
+14029264293
+16307107061
+16511806219
+18501656844
+14436113569
+15039805552
+17574211285
+15027803854
+12518202685
+15736229897
+15400144943
+15802808930
+12399249517
+14028884701
+13373971745
+17026202367
+14137523542
+19382873877
+16412587067
+15679062878
+16265931665
+14697324297
+13521888635
+12533181307
+15023825513
+19092347056
+19844645782
+17183010721
+12709232586
+13523672190
+12076254238
+18301089600
+19563448565
+15801890289
+17188611100
+13076180756
+12297149822
+12672216747
+16786780297
+15047099500
+19527634858
+13058361945
+15090152767
+18597560264
+19853904365
+17186539149
+15177511222
+15649226597
+19802311517
+18148958875
+18647140645
+19384076849
+19187081227
+16508286061
+13078633486
+17477110921
+13463122059
+12107910393
+19805298051
+18045041133
+14107718120
+12083904125
+14071306431
+19171874256
+14700027824
+12818061058
+16080538217
+17748580614
+13172565523
+17203950324
+18582260701
+12567704768
+19796320585
+12670317432
+17729163593
+12566397105
+12103401970
+12672637938
+15127300356
+16812172376
+16800919885
+17759847127
+14694874624
+14701817406
+14087244715
+14701979007
+12251562180
+17318764186
+17198026956
+13133871350
+19710938173
+16054367119
+18641753405
+16070921617
+17022016963
+19314433936
+17249393268
+13250314489
+17186514638
+12768482720
+16800723806
+16788104702
+19596386916
+18027651516
+19256823059
+13314405224
+19284169837
+14175702889
+12402589959
+18061727924
+14052560632
+16460875913
+15731287846
+15034973448
+16283452266
+12127584972
+12010775465
+14087756887
+13179122839
+17743341500
+14059610826
+18044966856
+19258407708
+18546556928
+18452032881
+14066076158
+15625636112
+19363725675
+15391923804
+17700552484
+14075261911
+12766154613
+13100439125
+15801324475
+19720771206
+18173843502
+14125732448
+18014261004
+14844658364
+17860007604
+12290983475
+16085241142
+13030575769
+19598533232
+19415259861
+17797329786
+13188699753
+15183232169
+12728583241
+16146212928
+16509665928
+14787687078
+19739438527
+13311059561
+16621134881
+19154195510
+13184512861
+12192544456
+14259300096
+13091533153
+15035484205
+14355349201
+17341238590
+14137003899
+19593606951
+18053805480
+19792682546
+19408302518
+15104797687
+15081867285
+12514338372
+14077077947
+17045892293
+16316339047
+15016221680
+13084943336
+17756506702
+15756155667
+13174883808
+12100163201
+15866331762
+14259108184
+17082661853
+16507501989
+15045885136
+18385173639
+15202383114
+14122192557
+18570038423
+17572453293
+15179803134
+16282749356
+14070681239
+16507316711
+12724207181
+18548217110
+12563946940
+18721470077
+13807114127
+18148956708
+14841728516
+15172797397
+19064436468
+13311248335
+19166143686
+18565014185
+14326276435
+13527198588
+14439985415
+18592260474
+14788010565
+15516673481
+16825573400
+12511560969
+12628470048
+16575504242
+18435771309
+19034303465
+19175739900
+18654116029
+15187454330
+13163879646
+13526432680
+16468035932
+19519941460
+16205541228
+14304071135
+17575619192
+16177854769
+14101251729
+18436881888
+13121462332
+16821313146
+12256583134
+19160699987
+13803500948
+15035238707
+16675497484
+13404407374
+13256350554
+18032384712
+16696147618
+19494903959
+13609752837
+14580808098
+17753932779
+17195031177
+14432197913
+13199503341
+17067378388
+12054205432
+13167933320
+16177416812
+19315816149
+17072572032
+13398509385
+16592542434
+17721437938
+17543279133
+15616520817
+17740985196
+14784491149
+17707862574
+14230224915
+17374275541
+19568609434
+12628575777
+17268285283
+12523552733
+12025823990
+17630207610
+19201443088
+13366766692
+19280980380
+12527903349
+19789768204
+17605124385
+19405537214
+19843070897
+13511671141
+17545276411
+12070701525
+14241963636
+19522153220
+14340623186
+17049990724
+16069996692
+15735117891
+14243584943
+14436416655
+19194196894
+16184036794
+19514626648
+19371350506
+14695809600
+18562497213
+19280845707
+12077953041
+13239751206
+15860469066
+12018901743
+15089432774
+14791372713
+15805390743
+19491175938
+16898017113
+12286969513
+17131949008
+18122855804
+17858595657
+14305116347
+17540849788
+19207893746
+14789316785
+13863515661
+13512397379
+12816676910
+14095639907
+12197802762
+19846773707
+13136011751
+13511847239
+12519329454
+15077765545
+14060011573
+13858417573
+19167830656
+19042998461
+19592080885
+17156755074
+14126905061
+12172454972
+13015593725
+15407408810
+12406174962
+15081563291
+17060568836
+12050726557
+12700680108
+19160708318
+13021190876
+14018548146
+12560294836
+19898620079
+14423810109
+16895811835
+19568943164
+15094561265
+13104429811
+17739600675
+17016485635
+14781024739
+19805252336
+13523234210
+19304482893
+18628600833
+12728960317
+18721804541
+19145898186
+13080051022
+19256396176
+17693080045
+13078641445
+14237876865
+13511622583
+19859373467
+18482814579
+18029208106
+12131910062
+18507154227
+19031413540
+19713969763
+16800393174
+13010974214
+18318242929
+15123134708
+16818076274
+17314713779
+17816112995
+19366815729
+16195320360
+16576918425
+19401495588
+15511322167
+19061015528
+14421173500
+18028611236
+15083988389
+14195793632
+16077939031
+15303533446
+15207878469
+19255952222
+18316727215
+17021460615
+16146653609
+15163583342
+17373898037
+12055564781
+16057173841
+19186430764
+18324898949
+19175840065
+12601984773
+17813460948
+19566821719
+13808583237
+14424265001
+15165602977
+19153790745
+17198129931
+15132354547
+15736823638
+13341870873
+16084726068
+12168414797
+13194613319
+14708516228
+15013475927
+16262500370
+19160296213
+19706602096
+13135543883
+17625949284
+17379620607
+19084236025
+18389236210
+19781027560
+14056309041
+14083188686
+19722999655
+15023469513
+15591906672
+15638559925
+19198002270
+14190772201
+15139547182
+14354039904
+17169452187
+13239312125
+16076907362
+17208924452
+14155376848
+13054146286
+12121359378
+19205112858
+14794023290
+16573902890
+13643876958
+18328539163
+12487680427
+18322599633
+14433330927
+17574397193
+14235345361
+16365728161
+15078066206
+15390420368
+16697603005
+12394285151
+18627737722
+15021027278
+18328050200
+17129571176
+14041161024
+18189015909
+12039044366
+18153656844
+16610298336
+16268840679
+18163287942
+16206169535
+12296607522
+18303128173
+13013358085
+19735032209
+19415979769
+12764812071
+14098975178
+16309445620
+13179814211
+19170391342
+18088587308
+17180366034
+15175458973
+19205423155
+12691636547
+17122936300
+18596080509
+19084178261
+13070876764
+13858077450
+16022738594
+12247028922
+18306100429
+15511869745
+16675462908
+12130462378
+15670895289
+16698582738
+14028851401
+19706702365
+13012494335
+13072260563
+18022069839
+18591184574
+15089731330
+12521617341
+18147487992
+16291023547
+12693440822
+16077790189
+18625199707
+18705563414
+17639460788
+12178400619
+17409178288
+19297701827
+12150132685
+15670010703
+15643354435
+17371533859
+12079024188
+18030653236
+12101495116
+15640656053
+15862486713
+16037822495
+14086709127
+16820142990
+13176860084
+14152908910
+15747428617
+17022588802
+13649855809
+12679986587
+12485850682
+16200949222
+18571736826
+18051869748
+18131315321
+16062707537
+15595688902
+17242492534
+15150881427
+15751584826
+17811901361
+16123303026
+17263275153
+15754847202
+17169076025
+15804535430
+12083229565
+13233789801
+18020286099
+17048424837
+19800247739
+15120212293
+17576661168
+16056279973
+12190779369
+17700337568
+13238987295
+17473666803
+17655597385
+12253807980
+18168833422
+15625996288
+13206963526
+17436181058
+13027979067
+19257617157
+19517603474
+15800830202
+15304343178
+18325501117
+18545920197
+19737981316
+15414028416
+16171751549
+14040170074
+13174941745
+17198724445
+12515715566
+17272095209
+14126916946
+12251419777
+16154096214
+14257770444
+14152272723
+19080151402
+13856727312
+16312421757
+14403388401
+18052953872
+16413532819
+18165380610
+17029522102
+18039553947
+15612907873
+13861395788
+16122507313
+18321594595
+17748214328
+19184705619
+18630107762
+18156208040
+17379972213
+15412220220
+13346326896
+18649567108
+16411893144
+19493053170
+17312457081
+15308340286
+13613182141
+16592665393
+13346976239
+17037205969
+19258557981
+13180302228
+19562974136
+17079552115
+13366600143
+12186500237
+17323860283
+17471663815
+19191550238
+18285536742
+17702808738
+12765245089
+19155603268
+14433325771
+19710154989
+16167457608
+17253481053
+13852913168
+14301093036
+18154108286
+17267288378
+14709849319
+19307015004
+12191072470
+12343703519
+15676313683
+19520703537
+17327639995
+13366910991
+15672628465
+13342911994
+15021565496
+13393784073
+15397207356
+17163924564
+13205766335
+13047209723
+15599659540
+18140560343
+18784712685
+12195230761
+14844849170
+12157638739
+16361728219
+12167235067
+19493679738
+13210937021
+13050012293
+19197842724
+12057862175
+16147378770
+12091066189
+19841314091
+17434029481
+19802520259
+13030933686
+18021167377
+14791978783
+18624152154
+17401456615
+15134114318
+19128455570
+14065244303
+19566482565
+16890174985
+19890678024
+16510593385
+12291378302
+14696644068
+17697272211
+12181602062
+15865019146
+13162284747
+17204142046
+16617390690
+15398879954
+15135780026
+15624748475
+19418601967
+12020982614
+18723992525
+14324274733
+12057636640
+18038145237
+14174991868
+15129521558
+15304124865
+16890634656
+18626903175
+14012191361
+12625759126
+19128408432
+12029902883
+14404673102
+12539746936
+15042961059
+15860931540
+13602523574
+14079291283
+16317294888
+13198874710
+15869014997
+19298732870
+12105792781
+17014612866
+19735163233
+14058535331
+13162740317
+19562731911
+17639267283
+14244767278
+12693701965
+17325651019
+19080114493
+16463044680
+19563868256
+19137112328
+15597015152
+13086170260
+13158043577
+19348566022
+13209126425
+13231844288
+18107357489
+12126292335
+18727296120
+16263694468
+13341499914
+16295352364
+15864849269
+18061880352
+14022054782
+18593159323
+19565554249
+16419964421
+17865685700
+13234791658
+15205828734
+15405267526
+17269579651
+16092343010
+19201543213
+14109139345
+19122279362
+15187480670
+12514946325
+14757333727
+12765474558
+12149797080
+14424570260
+18023286925
+13238140987
+12197474826
+17321239861
+12016456762
+18170001870
+17018547920
